9127   8260   4316   5976
 7798     65   9828   2446
 3440   1940   8540    639
 4942   7954    980   9650
 9021   8388   9118    807
 4394   9869   6853   1653
 5823   3198    240   6948
 1200   2972   7028   1880
 1619   9113   6329   5741
 1226   7363   5096   8758
 8030   1414    346   8937
  149   6360   3770   7406
 9630   4855    640   1193
 3106   6199   7528   8282
 2560   5448   7149   8405
 9093   1486   1467   3943
 4763   6813   7437   9995
 3240   7663   6483   4761
 7263   6093   8663   5850
 5272   2435   2385   6362
 2389   4304   7451   6069
 6288   1543   9535   9588
 5348   5666   5953   3552
 1497   7137   5956   4612
 8235   4184    490   7140
 7880   5022   2532   6092
 1306   8849   6080   1001
 7724   1952   4017   1621
 4544   8054   7837   7611
 1873   5106   9805   3218
 4009   9322   5035   1018
 5995   4353   7340   9073
 5715    625   9894   2122
 8182   8026   6498   1379
 4837   8109    193   5887
 6981   9227   7268   2188
 3334   1278   5427    115
  860   1552   2803    726
 3800   6857   9340   6321
 4936   8562   8680   9222
  734      1   6479    325
 7938   5980   6847   6528
  940     54   3877   8914
 5381   9996   6775   7106
 9644    711   5475   6599
 6404   2180   1849   2849
 7966   5736   1495   2403
 4887   7987   3093   4194
 5432   4192   5960   8015
 5283   5098   8900    248
 3532   8895   4826   5343
  594   7095   9019   9209
 9675   6333   1557   9565
 5561   4556   2961   9130
  155   5080   1698   3441
 4368   7484   7485   6283
 4980   7423   1294   5054
 1452   4056   1268   2621
  157    141   9725   7059
  452   5037   3964    499
 3554   8196   3625   1569
 2409    138   7607   9744
 1869   8819   5421   8095
 8887   7800   9502   8476
 6134   6819   7204   2582
 9013   3773   1447   1998
 9115   1741   8285   6039
 3098   2577    577   6109
 9559   6646   3861   1189
 9192   9480   7781   1233
 1081   3233   9376   1692
 4249   7610   9766   3269
 5797   9323   9125   1538
 3354   6169   4267   8036
  694   6763   4375   1668
 2742    374   7893     23
 2831   6419   5656   1626
  128   8921   3080   2369
 1565   5295   4130   7457
 8173   6713     44   9145
 3622   2907   2781   7214
 9960   8414   1248   9283
 4166   8934   9557   2235
 4759   4503   3135   3980
 9039   4043   6068   7145
  433   1996   6968   3593
 6443   1333   4854   1562
 4161   1475   4569   9224
 6184   8384   2063   3529
  837   6624   3832   2841
 6378   9810   8650   5531
 6984   4308   9081   6239
 4744   8003   5252   6651
 3595    133   7182   8160
 1610    516   2017    854
 9466    790   6923   6017
 7115   1098   1157   5502
  831   8580   5180   5362
 1135   4705   8775   1650
 1854   3041   1525   9788
 6392    534   2336   6538
 1510   9410   6629   3650
 4955   8308   7375   3731
 3287   7903   7382   6407
 7887   3542   6299     62
 8138   5110   6292   5986
 9845   6728   3103   3890
 3273   4123   4779    570
 3097   2596    108   2774
 2412   1404   5915   4559
 5066    263   8634   1623
 6735   5703   5886   7042
 4818   5193   8549    189
 6265   1500   2429   6296
 2645   6961   5696   1984
 9051   1537   7161   4810
 1798   8567   1149   2819
 8683   6492    483   3492
 2948   6789   6504   1745
 3113   4014   9889   1868
 5644   7980   2936   3325
 4696   5916   6328   9109
 1997   5265    929   5505
 6855   7518    174   1813
  377   4030   8997   5169
  644    871   1948   3565
  256   4430   4291   1643
 4512   7543   8966   6772
 3244   4313   8987   7605
 9300   9544   9582   1962
 9339   5911   1062   9129
 5621   4314   4624   6087
 9047   7625   7965   2895
 5099   4492   5498    954
  437   4799   7670   9316
  285   8122   4100   8568
 9851   5442   2256    861
 3604   2727   9153   4155
 2692   9553   8898   2260
 8714   6244   2345   6190
 2953   9176   4347   4211
  832   5163   3539   3878
 6915   5144   4197   4305
 8559   2353   4247   2272
 6430   3574   4809   6676
 6390   5127    330   7048
 2072   5628   1693   1136
 3462   6575    721   6912
 6952   2548   8444   3626
 6858   6740   9510   1627
 9642   5389   7593   1250
 3707   1752   4539   7057
  549   2632   5459   3424
 1665   3899   2693   5177
 8591   3848    339   7281
 5930    920   7648   9598
 2169   5842    309   3694
  368   1483   4692   6951
 7366   5191   5375   8553
 2878   6810   8290   1624
 3558   7773   2065   4838
 5250   3771   4647   8223
 2171   9504   2686   2574
  752   2407   6925   6808
 6850   3932   5821   1812
  727   2110    847   1947
 2082   4529   8521   9326
 9734   5439   6023   2607
 7895   2316   5676   9095
 3110   8276   2000   2213
 6664   4136   9881   2738
 2923   6487   6842   9008
 4221   2811   1026   3501
 7882   7420   1146   3749
 3846    251   7302   1903
 1931   7907   4716   8329
 1750   9901    467   5069
 1288   3310   1051   8103
 9954   4691   3188   8218
 9711   9854   6002   8954
 8400     88   3757   5038
 7181   2208   3994   4401
  512   6887   4780   6366
 8325   6145   3633   6008
 3491   1561   9018   2155
 1165   3592   1587   7467
 5316   1227   1901   9228
 5651   4229    567   5050
 8267   3886   6203   1361
  672   5825   7005   8513
 3489   6545   5469   8065
 6626   4069   1116   9797
 2103   7925   1634   3361
 2941   6075   7471   3573
  697   2565   4787   7756
  819   3872   8950   3513
 4509   4059    992   5133
 5839   7383    255   4289
 1038   9718    588   1666
 2542   3317    792   6323
 3102   7631   1819   7015
 1541   6900   3818   5016
 4723   3972   2346   3010
 9802   1545   1871   8854
 7051   1258   7351   3520
 3612   3681   6978   5078
 7682   2540   8876   9344
 6671   3341   9128   5217
 5802   2340   7566   5365
 4901   9943   6959   1375
  201   4052     24   9453
 1763   4795   7202   3464
  787   7722   6413   8965
 6157    690   8141   4109
 9096   7813   1078   6766
  629   5671   5550   6210
 1372   5302   1676   6233
 9312   5509   4739   6929
 5430   5908   7021   4251
 6438   6595   9793   6654
 2555    888   7276   7407
 2198   3722   2366   3498
 6160    348   2687    509
 4421   2525   1298   5477
 9041   2307   2965   8919
 3141   7992   7785   3023
 8436   3828   4590   8012
 1235   2278    267   6521
 3118   2071   3263   8906
  422   4070   4760   9027
 7586   5409   7973    381
 1909   5192   2428   5462
 3137   5403   8416   8412
 8037   6565   6840   5591
 1506   7967   9518   7643
 7836   1085   2801   8305
 5979   6042   2415   9769
  412   4108   1595   6875
 5938    150   9150    421
  730    887   4072   9290
 1173   9604   6258   5074
 4453   4561   4339   5030
 2325   2809     14   8094
 4917   2610   9568   8936
 7787   5325   2723   1607
 1847   7630   1712   8753
 1530   7997   6749   4230
 6770   5011   1980   1462
 3996   3004   5631   4295
 3319   6660   5501   2955
 8066   2471   6221   4555
 9751   7389   7982   6827
 8582   6108   4268   9146
 3784   8017   2870   6322
 9087   4846   3810   8134
  313   3202   2406   7222
 9925   6825   1079   1564
 5636    145   7728   5311
 5924   9928   7210   8092
 5931   5433    541    476
 2218   1697   7054   4924
 3930   2096   5895   3667
 9554    802   3490    114
 8656   9950   5795   3336
 8780   8694   1824   4104
  706   7847   9268    538
 2649   8855   1979    142
 6619   9164   6435   6612
 9190   2701   9355   8115
 6351   8814   6988   8422
 7459   2417    134   3429
 5909   6600   9601   1455
 7568   3783    279   7848
 3589   9447   6185   5581
 3260   1099   3271    120
 5781    997   5764   1837
 8177   5750   6668   9765
 1608   1784   6583   7179
 3710   4740   8862   7388
  669   1588   8806   7393
 9505   8990   9412   8252
 1394   6083   1731   8816
 6317    292   9794   1482
 1625   7917   1420   6077
 3965   9923   4825   2717
 2791   7509   2797   4131
 9574   9688   5827   6588
 6476   8620   3090   8358
 5493   8478    578   8315
 4464   4182    358   5057
 9947   6950   1194   5247
 3929    821   9142   8983
 2528   9026   5239   4456
 5036   9610   7428   5298
 4047    580   7627   1858
 6993   7421   8460   2019
 9699   7455   9002   7384
 9708   4677   3985   3736
 6320   3278   5352   3483
 6205   8735   3793    137
 3371   4199   5446   2694
 7159   4280   2365   6082
 5594   6293   7354    314
 4431   3863   5263   8699
 1810   6662   9295    511
 7937   1576     60   4301
 7053   6647   8024   1265
 6133   2534   1642   9771
 1548   8063   8739   5434
 5710    369   1789   4747
 8952    728   8670   4019
 9665   9046   3385   4943
 2874   8338   2276   1877
 3031   6342   8508   6512
 5860   5310   9036   6979
 3849   8662   2372   2306
 3008   4090   4004   8830
  653   1309   5950   4113
 8064   3053   4385   9147
 5608    315   2571   7793
 3073   5051   1986   3817
 7211   4083   5339   3248
 7324   3381   2401   2225
 1105   8183   4978   7077
 4008   7975   7747   1156
 5114    523   7413   2559
 3013   4460   9750   9942
 6556   3856   7680   7405
 6467   2308     48   8905
 9292   3408   6448   5880
 3837    236   8247   4921
 7007   2331   9159   5888
 2411   5716   5726   4951
 6269   8081   4473   8778
 5479   1902   9555   4550
 5197   6038   7265   4721
 5238   6540   8332   6016
 3531    927   4410   8657
 2550    692   4095   7427
 1551   4611   9329   9654
  993   6072   9591   3751
 3162   7823    987   5471
 5549   3727   3382   7163
  591   2002   9686   8868
 9581   6059   1574   8546
 8485   9256   6301    824
 3356   9852   6562   2916
 8981   7704   1932   8293
 8101   5516   4448    848
 7498   7470   6865   2619
 5072    934    782   3847
 4641   2734   8727   2384
 3447   2201   9496   4146
 8765   7475   9975   5060
 1572   7118   5912   9905
  559   7721   6073   1053
  566   5058   4118   4898
 3928   5583   1324   3280
 8042   8545   3824   5987
 5832   5397   4930   2351
 5670   5752   7356   8528
 6238   5073    316   2902
 3175   7530   1637   7419
 9034   1295   9811   8226
 6433   8300   3561   1927
 6554   6130   8114   8958
 4642   7362   3449   7587
 6683   1549   7010   6459
 8785    143   3425   1689
 9136    933   3294   4193
 4605   9009   8497   3829
 1439   2292    623   7187
 8477   7796   5737   9755
 8431   4881   6785   7101
 3067   2700   8641   1527
 1528   9318   2648   9695
  990   7274   7074   8734
 6620   3221   9520   5805
  503   8071   1374   6695
 5495   2241   9420   2589
  532   3845   8341   5208
 4412   9419   7434   4582
 2267   7033   7532   2903
 9863   6640   7647   4178
 1461   1232   4625   3777
 3782   8864   1865   9495
 1570   5465   7515   6860
 5204   9297   7478   4395
 6733   6186   7350   1073
 5018   1747   1792   5654
  725   1862   7838   2219
 5942   2515    951   1974
 3862   8237   2504   3362
  836   8215   4912   8415
 6373   1089   1484   1360
 4784    977   7152   4190
  405   3796   7070   9424
 1327   2615   6311    425
 6849   8355    994   1119
 6489   7482   1181   9252
 7915    590   7718   8516
 4754   2547   6592   7438
 5922   6906     55   8321
 2111   7576   6767   9254
 6811   2788   2513   3374
 7131   1351   7038   3957
 8430   5506    344   3575
 4451   5955   5812   4510
 9347   1230   9911   7481
 9837   7323   1205   8711
 6025   4407   1848    872
 6777   6128   2295   2631
 5885   8585   1229   2635
 5005   6610   8166   6946
 6522   6903   3671   4208
 6542   7125   1167   2824
 3674   3387   1357   1863
 9168    289   5202   8953
 5335   8495   9983   5303
 1308   6273   7128   3126
 3795   4386   1955   1815
 5529   8838   4331   2576
  885   8265   6527   6802
 5491   1477   7931   5105
 1739    535   8051   5131
 3690   2089   7646   5029
  930   8306   4805   9111
 3410    776   5384   8201
 6095   9204   5875    304
 1365   3936   3270   4657
  799   5685    124    207
 3416    800    823   1761
 6762   1617   9151   9402
 1285    432   1485   2489
 6764   6572   9438   9317
 4892   3398   5429     49
 9878   9476   4013   2883
 9912   7831   7252   4327
 7964   9721   7197    420
 9709   1043   6354   6462
 2680   8227   7244    175
  851   5390   5359   5082
  635   1628   1936   7582
 5189   9482   8742     63
  524   6455     26   7691
 2224   8074   6922   2813
 1502   8432   4151   4877
 7951   1715   4209   9469
 8395   4732   7989   2170
 9359   7705   1440    203
 1275   8401   6561   4628
 4015   5617    220   8673
 8031   9808   7948   3616
 3285   1243   7081    462
 9273     93   2924   5294
 3192   7699   6549   2480
 7279   3691   9892    595
 2070    715   3654   1594
 4530   5928   6563   9392
 3140   4262   7707   4682
 9855   3151   6057   4581
 6344   2139   4422    468
  286   9076    165   8274
 9849   1214    139   6806
 1380   2455   5973   5301
10000   5638    995   6518
  560   4935   1410   1823
 8501   5834   4032    518
   38   7036   8631   5841
 1385   1054    200   5024
 5155   6159   6216   9262
 4963   3296   7666    166
  904   2622    430   5179
 6315   3104   5306    402
 5090   7288   2202   9404
 7676   4616   2486   8957
 8939   6747   8894   8522
 8446   7908   9366    443
 2238   5181   6425   6881
 2124    622   9374    761
 7924   4050    332   5385
 2230   7188   5560   5366
 3197   1245   2531   1778
 4991   1216   9272   1704
 7372   5334   7624   2484
 8642    900   8403   4092
 2117   4495   4971   4962
 1184   8975    630   3610
 2794   9216   5542   7079
  810   4888   9664   6176
 4916   7231    866    387
 5590   9059   1524   3085
 3421   5893   8593   9065
 6331   8129   7832   9082
 9761   2789   8799    910
 6456   4873   1719     11
 8996    744   7578     92
 5999    140   2189   5615
 8028   6659   6888   2215
 1941   8702   7537   7002
  913   2533   5407    592
 1876   9304   1630   1772
 6094   3934   5165   8803
 6045   8926   1042   3108
 9001   9839   7958   2186
 2848   8375   2157   6004
 1097   2150   5151   2470
 7105   3373   3454   7174
  510     41   3241   7309
 9194    186   8417   9210
 6356   6985   5281   3762
 7552   6304    273   6098
  812     71   9643   1282
  528    215     19   3510
 7065   5227   6717   2785
 8923   4157   5870   2876
 5705   2405    299   5544
   59   8197   3184   8935
 7830   5087   2452   9685
 5828   8132   2269    687
 1147   3265   7216   9178
 3348   9703    100     94
 2798    269   3976    633
 7228   8106   4866   8720
 5971   3526   5350   8335
 6161   7626   5655   9220
 7732   5667   4418   8909
  796   8029   9170    611
  849   8043   3984   6652
 7942   6156   6869   7594
 4400   1045   4007   6389
 6916   6126   4243   7698
 7595   5027   6302   7821
 9647   3582     89   8055
 2146   7391   8148    636
 9266   9248   1512   1875
 9585   1730   4101   2665
 9631   1188   6410   5328
 3295   2474   8583   5926
  238    442   8424   5200
 8848   3043   7764   7554
 7746   5866   5680   5937
 8949   5376   6838   7709
 9311    232   8566   3638
 5307   3702   2893   5810
 9698   5112   3581   5140
 3675   2322   2503   4006
 9754    410   8798   3178
 7542   1221   9103   8258
 6267   9232   9236   4966
 9827   3734   6779   6196
 6071   8584   9579   9814
 8399   1807   8131   5444
 4603   7944   2190    707
 7599   8326   6235   6966
 2490   2999   2317   5840
 4619   3000   2183   9775
 7047   8784   1707   2932
 4117   3364    907   2148
 7999   9919   5304   2558
 6117   5354    551   7546
 3261   2375   3443   3426
 3500   8956   4340   2422
 6363   1261   1734   3338
 6901   2284    447   9992
 4099   2497    722   2968
 3335   9612   6832   2875
 3739   5003   9807   7385
 8802   9100   4164   1016
 7585   4932   6784    874
 8072   2775   4742   8710
 6227    875   4094   4253
 3852   3060   3902   3538
 9487   4651   1640   6256
 7993   7116   7596   1556
 8595   8686   2164   7961
 8005   6325   3377   4768
 5541   1908   3144   3109
 2090   9399   5291   3321
 6510   8019   1679   1254
 1024   8968    869   9726
 6634   6882   5062   4381
 2814   5290   1699   7846
 7454   2091   6422   5100
 3204   9258   4434   9668
 4402   2029   9809   1425
  525   4241   4637    272
 6178   4591   4205   6355
 1384   7868   4335   1012
 9567   2852   6942   6305
 6142   2529   7333   3788
  506   5270   3478   5984
 8382   5740   9779   7444
 6034    342   7768   5198
 7858   6643   4011   9749
 3200   2358   7189   4938
  182   4415   1911   8473
 9199   9335   5595   7687
  234   8296   6300   4026
 3174   1516   3642    302
 3452   1449   4575   5104
 3062   5026   4257   2079
   32   7468    101   4844
 3458   1711   2440   8524
 7772   3281   1923   6062
 8547   9560   7186   8484
 1582   6103    495   7285
 9437   6028   9477   3083
 7295   7753   4775   6820
 4829   8984   6148   7369
 4292   4051   5994   4279
 5756   2493   8288    738
 3991   6601   9934   2232
 2673   1423   1969   6608
 5383   6727   7496   9134
 3923   4175   7799   7909
 8777   2259   5791   8629
 5245    148   2899   4979
 2337   3695   9936   2009
 5134   8008   6503   2931
  486   2395   2629   7104
 8669   7715   3469   3444
  646   4483    375   9785
 7540   2355   5092    818
 7859   8930   9343   5958
 6786   3058   2097   2255
 2062   8438   3741   4988
 5762    275    102    463
 3586   8345   8646   3726
 5673   8319   5627   4915
 2248   4583   7071   7523
 4242   4800   6633    773
 6725   1429   1988   5117
 2200   2173    870   1915
 9299   3692   1521   8600
 9752   4437   7684   6613
 5899   8792   4564   3290
 3730   2722   7913   4621
 5833   6282   6768   6003
 9057   4311   8082   1839
 3158   2086   6724   7776
 6348   5668   5136   7499
 6242   7379   1418   8442
 6658   1209     84   2291
  252   5784    786   4643
 2827   1573    565   7113
 9261   4264   3937   3453
 9143   4623   9672   7730
 4286    998   6655   5730
 7318   7326   4499   7577
 8512   9162   8060   4494
 6453   1415   2040   4595
 9338    411   1894   8766
 9457   6368   1978   9958
 5574   2310   3904   2677
 5702    385   5174    222
  999   3486   9998   1343
 9017   4578   5604    293
 8409    322   2669   9278
 4074   4989    820   3663
 3002   8023   1032   5499
 3247   8486   5452   1249
 6787   8232   8488   1303
 9885   2554   7974   5167
 5816   7255   3517   8504
 4256   6934   8328   2093
 2239    485   8387   1291
 3081   9821   1801   1014
 7984   8899   2715   1508
 7916   9619   3048   9678
 6246   6309   1834   3699
  965   7751   9506   5483
 8381   9896   6241   5305
 4981   2834    917   7092
  709   8863   4106   1270
 4574   1994   1120   3054
 9357   8627    604   8741
 1408   6817   9707   9657
 6760   9957   2833   8836
 5657   6113   1401   9795
 4119   4041   4513    593
 1028   9976   6834   5338
 6104    327   9903   2324
 2312   9425   5401   1399
 1535   6814   7914   1885
 3688   7675   9114    308
 4443   7971   9371   1300
 9605   2587   2976   3880
 6616   6278    689   3346
 4904   3697   8413   5635
 3393   4984    937   8472
 1030    616   4726   5085
 1599   9422    542   9635
  575   5599    266   8331
 1318   5129   8038   2897
 1154    857   6032   8364
 8000   1123   2935   6618
 3698    978    320   8357
 4328    784   3868   9838
  164   6927   4741   3811
 2602    239   7719   3252
 7959   9101   4905   4334
 9966   9722   5510     34
 3678    126   2981   1263
 9676   7141   6260   7374
 6421     52   2294   7397
 2491    647    771   1069
 3380   4397   9488   2151
 6851   6604   5530   8893
 1363   1158   4359   9015
 6523   8978   1355   8370
 7949    886   8193   6188
  361    209   3463   5663
 5734   6182   1663   8230
 9135   3304   8209   1532
 6167   9263   4429   9562
 1478   2900   3065   5000
 6896   1153   8458   4975
 1405   5793   9660   8557
 9589   5472    751    680
 5242    582   3302    967
 8420   5562   4489   1458
 7443   2132   9064   6468
 1431    162   7927   6316
 4398   4317   8344   4228
 8687   9117   5929   9879
 5152   3948   3014   3715
 2400   2962   6402   5503
  760   4254   2042   7221
 8090   7580   6746   7129
 8946   9315   8423   3940
 7922   7828   5188   4165
 7609   9971   5111   3368
 5900   5234   8995   8635
 6019    813   5739   7066
 4365   8916   8835   1515
 3193    864   4588    277
  897   5091   7556   7492
 6393    853   1185    658
 7378   4710   7133   9552
 3414   9856   9413   7743
 6957   5863   5394    895
 5946   8333   8461   7232
 6477   2787   5622   2056
 3064    880   5190   9551
 6994   7615   2114   9213
 4714   5798   1262   2840
 2860   7649   8330   2280
 5777   6848   9333   3645
 1108   1421   8603   1302
 5783   8253   3682   7834
 2048   2586   1134   5241
 2477   7169   1139    708
 1814   8782   3493   2287
 4543   3012   2508   1920
 5071   9433   3524   8846
 4471   3742   4549    924
 4244   4789   9736   2506
   51   3143   3659   5422
 4999   5618   2850   8459
 8624   7495   7930   4236
 5806   6043   5754    152
 4207   3842   2254   4816
 6361   3525   7365   8281
 1072   9836   6381   6180
 1989   7064   1219   9800
 3323   4718   8278   1007
 5292    979   8738   9812
 9884   6399   7614   7371
 8575   2882   2206   6586
 5372   1833   5025   3750
 2113   2020   7541   5476
 2454   7583   9910   9997
  466   9527   9481   4237
 5743   6376   3420   3548
 2659   5626   3237   9245
 6797   2942   3903   6066
 2342   2414   7258   9498
 6792   3331   1983     86
 8433   5728   9640   5660
  794     17   9952    271
 6497   9904   9092   2458
 7331   8823   5068   1656
  163   5228   6061    225
  158   5650   3882   7955
 9440   8873   2911    719
 3210   2299   8594   8498
 6466   9345   1622   2431
 7572   5546   8913   7679
 7044    533   8078   5417
 3148   4730   2392   9953
 2266   4895   5468   4874
 4378     47   1685   6172
 4941   9367    401   9513
 4806   7843   2780   5015
 6960   6219   2296   1725
 3905   9784   9235    501
 1003   9820    665    301
 8841    780   2856   7655
 1316   3146   3812   8040
 5824   8489   7525    909
 1430   5119   8707   8221
 4091   7923    347   5835
 8971   5460   6783    449
 8579   3352   9522   5573
 5693   6555   2750    958
 7304   3799   7921    688
 5547   5321   1412   3479
 4187   6107    177   3234
 7734   9584   4371   2826
 6815    828   7305   5525
 9891   6168   8327   9116
 5329   8732   9120   7052
 1109   9016   6140   6353
 2419   3672   3967   1670
 9484   8242   7956   1639
 5017   2901   6065   3564
 7771    598   4000    985
 5378   9534   4604    710
 3203     61   9198   7166
 2262   8456   1017   3753
  664     10   5949   4346
 9465   8133   1691   7794
 3063    473   9829    683
 3367   8664   2759   4177
 6183   4484   7939   6306
 6907   2653   5787   6249
  602   5535   3094   8999
 4644   5803   9920   4834
 8601    455   3518   4341
 4567   7911   9712   6463
 2253   5675   2473   8828
 7814   2772   3001   7933
 3366   9886   6434    619
 4848   6036   5996   8693
 2578   6005   7310   4285
 6431   1925   9670   3355
 7662   5606   4570   4998
 6009   8794   4366   5815
 8700   9900   8219   5952
 6318    558   1544   9189
 5858   8875   4114   4035
 2084   6380   3266   8774
 2321   2338   1400   5267
 3871   4859   7157   6029
 4862   4049   3687    966
 4369    662   8933   6007
 9215   8797   6050   6051
 1540   6918   2684   4010
 1422   5633   1378    211
 7671   8069   2871   6347
 1242   6171   5045   2485
 1511   6938   2563   4084
 8597   8356    949   8244
 3618   4261    793   6464
 7440   6822   5052   8301
 7220   4181   3379   8989
 2746   6386   8452    191
 2590   5070   8439   8195
 8045   9186   4318    834
 6020   1122   7656   4093
 1307   2058   5917   5392
 8510   1542   7373   1377
 6774   3543    109    172
 2858   9028    935   9494
 3375   3740   8964   6758
 9543   4738   4086   8044
 1142   8188   3329   2453
 9673   3909   3999   2286
 1891   7720   4664   9068
 2442   7497   1669   5721
 1550   2973   8776   5853
 3047   4112   7708   5991
 3577   5577   5132   4486
 8202   2488   3551   1180
 4814   3308   7673   5708
 9193   4534   2667   5380
 3609   2839   5751   8976
 9948   3125   6721   6334
 8630   3512   9939   4965
 4908   5319   4771   9507
 8052   8310   2271   9652
 2441   6507    970   7480
 5266   4054   8640   9389
 2829   7700   5889   3128
 2320   7445   3163   9195
 8455   7200   8985    196
 6314   1591    589    441
 7094   9606   8427   6152
 5286   6060   9005   9930
 7757   1076   3154   4958
 2053   8917   4142   7622
 2195    116   1283   1113
 9813   5799   2505   7555
    7   8943   4414   7441
  844   6904   6940   4639
 3505   8818    296   1826
 6944   3488   3099   7085
 6678   8084   8691   4029
 7524   4387   8492   3167
 6801   3689   1555   9415
 8471   2432   9049   9362
 8004   1945   9768   5102
 8099   3136   9267   9045
 4360   4622   5260   7765
 3960   7657   4037   9493
 3547   3738   2816   6202
 5557   9319   6843   2463
 4393   6730   3527   3357
 2037   2639   8126   2906
  716   9874   6248   2604
 4235   5500    938   8932
 6794   4796   4405   6449
 8829   1596   5962   7006
 1720   3571   7461   7041
 7017   6571   7603   6771
 7749   7777   5257   7906
 8856   7078   2729   1644
 5122   4141   2275   4245
 7686   1068   1800   8372
  492   5261   1795   2861
 2156   9350   7029   1967
 9436   8155   9006   3256
 7049   7833    227   6451
 9069   6639   6976   9139
 4851   5664   7641   9625
 2127   3639   6279   9970
 4832   7755   3186    779
 4687   2360   9792   9973
 7946   1133   2812   3608
 3874   4388   3579   3894
 9197   7501   1811    768
 1280     85   3617   8881
 1820   4911   9866   6352
 9179   6656   9351   5869
 1829   8514   1063   6118
 9833   3159   4902   5603
 8380   5641   6240    146
 5226   3071   9733   5992
 9334   6868   2764   6564
 3598   9165   8140     37
 3607   8176    324   9310
 2105   6054   8246   5107
 2851   6892    382   2975
 6044   4954   5747   8697
 1959   1437   8532   5002
 5351   6973    372   8151
 9613   7353   7888   9072
 4219   6391   9542   7598
 7240   3161   7178   2721
 4547   8511   1586   6290
 1213   1638    546   3399
 7368   1489   6394   2133
 5053   5275   3254   5907
 6214   4791   7620   5220
 1460   8698   3179   6442
 6889   1369   7521   3231
 4883   2904   1981   7469
 9000   7075   7778   9428
 7928    642   8006   4149
 1648   4601    806   5130
  765   2462   5940   3958
 5154   2711   3759   1479
 9843   7841   1845    667
 4137   2227   4455   7883
 3975   7894   3709   6100
 5647   4191    287   8279
 8320   7932    735   2737
 8001   8222   1358    846
 7198   3615   7448   3206
 2509   7752   6001   1025
 5246   8647   9446   2045
 1059   8681   7347   6990
  431   8406   8454   1392
 2613   2927   9597   3651
 2690   4403   5607   1912
 2697   8449   4330   8316
 9293   3794   8302   8469
 1339   8243     67   8576
 4824   4920   1743   9369
 2979   2298   9490   2250
 8506   4986   4034    502
 6983    679   2945   5428
 2163   9961   9632   8127
 9062   4907    244   9781
 9430   4608   2175   6830
 1578   4610   9456   5981
  519   2343   2068   6712
 2265   3717   4680   7697
 3120   2768   4720     68
 7918   3347   7190   6345
 3729   9846   8234     53
 1904   3870   7871   7535
 3011   7811   1041   5882
 6672   2992    704   5588
 8500   4454   5582    906
 7069   7206   9806   5774
 8651    815   5086   1924
 5443   3370   7361   2769
 9804   8108   7795   7779
 8184   1257   7418    816
 3435   8121   6446   6831
  221   3838   6405   7016
 4201   3892   4482   3225
 7534   8619   6475   6349
 1836   5222   9701   4312
 2668   6335   9646   5894
 3471   5780   3229   2609
 9789   4672   7132   3112
 6773   9160   6729   1520
 3222   8379   9250   1632
 6524   9048   1174   7130
 4411   4476   4428   6303
   98   8756   9277    655
 4773   7791   6535   6081
 6902   3160   5279   4520
 1336   7261   5548   3116
 1466   1646   3406   1040
 4663   9037   7547   7592
   78   6213   1757    290
  529   4404   2302   9397
 1672   2844   7936   4480
 9576   6560   1131   9933
 6705    335   5162   2709
 5592   1117   2583   9079
 8373   9521   2756   7376
 5235   6602   7271    675
 2492   6102   1060   6365
 8124   9732   4474   2381
 6033   5551   2434   9442
 5125   4910    185   9056
 4115   4665   2363   7315
 3328   6166   6206   6506
 9816   7851   4504   6947
  562   6424   6271    772
 1529   2950     15   1187
  160   9877   1949   8538
 7463   3567    748   9035
 4694   7857   6364   1175
 5681   7805   6021   3566
 2359   6137   3155   1790
 7789   4864   2263   7545
 6336   3074   4540   2507
 7506   2919   9847   3297
 1011   2300   7786   4263
 9296   1914   8256   8113
 1856   1292   1943   9972
 4058    791   4223   9964
 7483   3884   4698    989
 6941   5382   9246   5374
 9489   8080   4869   6905
 8757   5927   5205   8692
   81   8658   5556     99
 9817   2167   2001   4300
 6115   2221   1035   9860
 9655   5767   7512   5614
 4913   1356   2783   5309
 7807   7905   7370   8754
  106   9777   4225   1531
  691   5300    249   1164
 1723    905   2842   3189
 8147   6675   9730   6254
  496   8808   2424   3119
 3803   2240   2297   4788
 9229   1631     72   3481
 6149   7797   7311   2083
 2102   8450    600   3760
 5077   4842   4802   4752
  461   8709   8554   9330
 7621   3199   5941    859
 3873   4535   7313   6536
 3973   9458   9131   9753
 9503   8605   4145   5236
 5141   9639   8638   7904
 8203   5209     13   8852
 2549   8690   4266   4808
 7790   5370   8725   7001
 6919   3956   5371   9454
 2137   3291   5081   4731
 9524     66   8771   7143
 1334   9075   7633   3345
 5921   4565   2138   3215
 4545   9108   9152   4769
 7150   7962    184   2771
 6177   9692   9618    303
 8763   2855   7476   2368
 9988   5903    180   8171
 8496   4656   8653   6194
 9325     91   4667   7269
 5578   6731   8779   3841
 2050   9279   6686   8116
 4807   8607   4356   6063
 8466   8474   2628    336
 9508   7642   7154    892
  893    488   1087   7853
 9090   8091   7479   2380
 8154   8879   3519   5545
 4646    943   2656   6748
 6933   9515   2562   3963
 3951   1058   4210   7557
 9538   8418   8346   1297
 7632   4758   6253   3648
 9123   6494   1092   4522
 9414   8104   8645   9205
 4993   5211   8009   1413
 4203   3807   9694   8791
 8062    312   7219   4511
 1450   5322    673   6835
 9434   2634    392   7994
 5118   7613   7337   3232
 8179   4038   3679   9450
 4409     73   2334   6687
 8902   3632   9301   2980
 3235   1106   4933   8289
 1972   4746   2663   8609
 3705   1830   3523   9940
  638   7695   4021   6041
  366   7055    371   6428
 5528    693   9691   8157
 6641   7003   7651   4355
 9951   4847   9400   2790
 7957   5709   5687   1481
 9475   5954   6511   3924
 2716   4413    357   9932
 6174   6441    210   1321
 5225   4640   2277   7526
 4519   1717   9407   1708
 4886   7403   4766   1195
 4128   3556   3306    298
 2541   4516   3407    363
 6478   4465   1760   8186
 4820   4868   4919    507
 6559   2290   2767   1364
 7829    319    291   8088
 2838   2877   1047   7072
 2616   3468   3165   2672
 8834   8428   2556   4925
 7299   8075   3792   8722
 1966   9202   1457   3079
 3747   5373   3988   2301
 5184   2501   3422   6614
 7390   1585   6343   3057
 1933   4048   2909   4701
 2402   7645   6846    731
 6970   7098   4087   4226
 1765   8120   9285   2061
 2739   4163   2472   7856
 2520    698   8175    414
  759   9649   4297   3761
 2646   1756   7234   7236
 6370   4440   9729   1273
 2896   7635   4596   4661
 1463   5449   4122   7192
 1021   3514   2373   4449
 8189   6615   2394   1444
 6411   9337   7151   3196
 7246   1898   6723    406
 1468   5800   2330   8715
 5643   1817   1667   6319
 2013   1335    610      9
 4220   1428   6418   9444
 4819   6147   8515   5727
 5044   9468   2166   2926
 6070   3313   3780   3134
 4055   2197   8537   1434
  648   7158   5046   2483
 1677   7088   5364   1048
 5569   3487   3776   4679
  513   5496   2447   3839
 4435   2712   7175   4470
 4617   6873   3502   6547
 9848   3180   8811    460
 3805   3472   2088   1095
 7531    614   3088   9383
 2678   4416   6337   5539
 3409    105   5902   6898
 5704   2459   2199   4736
 4594   4078   5183   6146
 7160   2130    521   9683
 4475   4217    264   2289
 5518   2207   6698    478
 8708   1487   7573   6400
 8728   1393   6999   6224
 7084   3605    113   5391
 5632   7213   4028    573
 8257   6977   9182   8419
 4490   7073    676   8470
 6298   8885      2   5587
 1805   5846   2274   5706
 9403    942   2357   2057
 7031    391   8889   2760
 7122   8544   1701   2989
 8676   8963   8731   9029
 7144   5393   6055   9418
 6437   3277   9990    243
 6251   6053   9276   2817
 3224   1694   3657    749
 6702   8747   7184   2444
 8809   7588   7539   3191
   83   8555   1299   9405
  789   1111   5274   2007
 6162   5735   5738    281
 6470   1286    626   4783
 5158   7339   5652    865
  700   6576   7774   4392
 3977   4485   9379   7233
 1210   3534   5349    981
  763   2865   7817   8046
 8462   1559   9270   3255
 1129   4882   9459   3860
 2938   3920   2741   7861
 2094   1503   2832   8273
 8313   3836   8391   9835
 8969   6026   7689   1907
 6953   1788   2487   5597
 9474   8769   5729   6139
 9916   3032   9529   2967
 6064   6250   4884    144
  129   8079   7264     28
 9305   7601   3781   8135
 7020   6997   4200   1208
 9155   5717   9208   4638
  219   2984   5212   7716
 8291   3340   4147   3508
 7650   1074   1203   1077
  766   3766   4358   1124
 4315   2933   3451   5043
 3299   6198   9365   2724
 1353   7972   1202   2107
 9834   5878   5157   4260
 7432   4168    547   1152
   16   4002   8925   8445
 1071   5818   4159   1472
 2990   3509   3844   3150
   90   2311   3122   9773
 3084   7712     45   4668
 6674   6058   7114   8482
 7046   4541   9772   7426
 5223   8518   4729   4678
 6401    797   9944   7717
 2988   1411   3830   7442
 6458   7692   2210   6963
 8200   2478   8602   8843
 1436    274     27   1407
 7899   3850   4703   6486
 8067   5116    641   3223
 4737   4077   6666    247
 2026   2450   7096   5094
 3772   1312   1802   4976
 4461    670   9587   1005
 9525   3676   9231   7424
 9704   2378   4265   9636
 4600   3767   9141   6266
 6105   1192   4057    388
 9909   5990    961   6935
 2526   1514   5284   7809
 3324   7742   4222   1563
 2006   4391   2281   7672
 4593   3643   5320   3664
 9984   3859   8563   2140
 2226   2982   6854    645
 2959   7661   3243   2630
 3315   3553   7628   1754
 4690   1774   8940   9787
 7176   5185   9358   2643
 2820   8652   8827   3007
 1151    153   5814    982
  190   4294   8745   3537
 2627   7381   7456   5139
 3484   6839   6891   2719
 4626   1386   6106   7127
 8269   3668   3072   1770
  454   8920   1560   5566
 8660   8760   8767   8520
 5859   1322   6828   8266
 3427   5289   2782   6485
 9987   2654   1999   3033
 5478   4633   1835   1002
 1781   9669   8347   7533
 8048   2887   8303   6500
 2177   7947   3550   3660
 9086   5970     64   6998
 3696   7239   4957   8723
 4505   4878   4804   3333
 8672    983    814   2800
 2960   4853   2544   1651
  161   6582   5342   8955
 4798   7854   3611   2049
 1403   8839   4498   5686
 9599   2038   3933   8270
 1121   3212   8280   2949
 1841   3916   9702     29
 6127    576   9706   5441
 1888   2755   7298   1296
 9558    914   6099   6866
 7879    973   9823   4162
 2356   7126   2996   6804
 8034   7249   4630    487
  122   6513   2495   6382
 8507   9531   2718   8481
 8857   9441   5690   1451
 4841   1895   5901   5755
 9883   2872   2460    270
 9061   8441   1654   9541
 8974   6964   6276    458
 6520   8832   6890   8764
  986   9710   6752    288
 2657   4762   3728   3475
 8903   5904   5440   4620
 8139   7327   7278   4153
 1740   3101   6472   8241
 4096   9674   5357   1019
 1464   3813   3170   7251
 2261   4660   7504    353
 1991   5868   1204    757
 7840   2985   3949   6716
    4   5456    627   2448
  131   3257   7714   6719
 1957   7827   9786   4466
 2546   6714   2220   2008
 6635   3562   6628    946
  923   3496   5474   8718
 2647   8093   3142   3954
 3974   7319   3292   9982
 8783   4857   8911   1171
 2947    181   4890   4326
 6192   3132   5678   3230
 1727   9321   5172   9898
 5896   9249   9592   2159
 6289   7507   4377   5458
 2185   4171   4088   9922
 2051    341   5862   8245
 4592   1850   8666   3412
 1008   6447   9545   1889
 7416   4273   8737   8287
 2914   5526   6661   1186
 2740   3152   9191   9435
 7901   6488   6280   1629
 9572   2502   5779   5538
 6030   5845   6715   9449
 9373     40   1107   7562
 2465   6642   1240    643
  745   6917   8105    991
 6262   8961   9177   2551
 7218   3238   9077    682
 1057   9658   5097   9219
 1170   4830    868   9144
 4376   8190   1809   2273
 2918    204   3833   9187
 5395   2799   9066   9841
 6179   4323   2611   3446
 8648   1145   7225   6031
 1127   9348   6471   9627
 6956   8089   3343   4343
  805   8378   9867   4303
 6501   5773   3402   4508
  597   6937   8628   8261
 5093   1861   3173   2641
  882   8191   3096   7505
   69   7100   4274   7575
  867   8655   6509   4103
 4481   4748   1354   1641
 3897   2134   4894   4756
 4947   8272   5288   8550
 8020   2917   4045   1768
 7845   4125   5361   1600
 6211   8457   7037   2076
 1256   5978   2404   7172
 5368   4822   2821   5008
 5466   3602   1162   4459
 9850   4425   6644   9677
 5788   1828   4102    276
 8608   8058   3898   6263
 1259   1128   7669   4906
 2802   2100   8795   7162
 5819    259     18   3068
 8343   5629   9411   2052
 9386   6885   8991   6490
 9473    677   5012   8056
  416   1601   9907   2039
 6980   2705   5861   6181
 1234   1764   6943   7173
 6204   7230   4959   7502
 5694   8882   3986   5684
 7056   4382   3390   5722
 3497   4992   4558   6995
 1279   4653   7259   9873
 9455   5623   3006   6637
 9512   4725   7685   6409
  545   6598   8581    389
  552   5757   3396   9286
 7399   7229    484   8721
 5021   8790   6097   9783
 2023    540   7170   8180
 7067   9824    306   8033
 7394   6899   9611   9492
 5415   3016   5405   5511
 9221   1771   1700   7960
 3888   6091   4290   1686
  838   5313   5095     20
  960   8076   5426   2242
 6417   1473   1939   5435
 4185   3557   1645   3864
 6436   1799   1381   3227
 5948   3942    450   2580
 9615   9023   8944   1547
 2689   1977    557   4876
 1276   6607   1075    428
 5079   9174   9617   8150
 2815   7167   5918   9491
 2348   3114   6371   6924
 9044   5437   5600   8264
 8525   6931   8408   7203
 6015   7433   5725   1006
 2251   2892    668   9401
 8962   5719   6187    398
 2010   6310   2773    684
 1786   9083   9931   3337
 9561   2891   7636   5967
 6207    438   5965    932
 3825   5695   4515   5649
 6496   7086   4124   4238
 1589   9888    404   6856
 5513   1163   6138   3758
 1115   3733   6297   1118
  803    842   2396   7135
 7446    556   7386   1031
 2808    197   6932   6465
 6403   6914    537   3349
  612   7134   1362   2055
 9689   8429   7565   5713
 9426   7738   2894   9067
 7678   4027   9332   3701
 9893   4329   8837    233
 3024   9740   6048   1406
 1345    621   1244   6577
 1206   8596   9375   5337
 8083   1918   6726   2270
 8570    413   2361   6243
 6116   4133   3866   3066
 6525    544   3631   3149
 4293   7297   9731   9985
 4724   6397   3100   8018
 7325   3549   4116   8369
  417   5341   9608   8712
 7168   7822   3876   7659
 8869   6579   9978   3978
 8061   3613   2236   4370
 2421   9742   7103   6339
 4496    121   2530   3743
 2518    226   3194   4127
 4950   2822   9590   5580
 3713    179   2661   1883
 4662   8636   9705   1579
 8743   9320   7725   6247
 2666   5611   3250    147
 5796   3987   4786   6949
 7644   2154   9185   1886
 5712   9122   9398    717
 2500   9291   2766   9994
 9275   3778   1942   9593
 9859    218   2644   8068
  352   8704   6277   1509
 1009   6499   3969   8878
 2119   5178   7729   2730
 3716   2216   4584   9462
 8123    427   3089   2115
 8649   1323   2044   7819
 6387   9609   2594   9738
 6049    445   1963    491
 6412   6581   3907   2466
 8240   2744   7513   8032
  396   5848   3495   2399
 8684   7291   1313   6665
 6143   8479   5278   9539
 6175   3378   9011   5532
  660    971   6154   6681
 2569   7713    767   8377
 5445    376   1435   9004
 3952   4629   7744   7307
 3997   2617   4442   8312
 8533   2174   7014   7881
 5149   5377   4446   5347
 2182   3809   1272   5661
  278   3286   6086   3673
 8587   5662   5216   5849
 5966   4875   1680   7296
 2732   1681   2745     12
 4441   8206   4568   5558
 8982   2135   9175    718
 1267     21   5794   1469
  453   9479   2853   3945
 9853   2536   1855   9563
 2245   4135   4609   7571
  419   6000   7727   8348
 1311   1496   2376   1456
 2047   1023   4745   2456
 2728   3596   4507   9724
 8604   7425   8016   7254
 4518   3017   6926   4704
 1758   5648   1808   8644
  758   5770   2843   7569
 6119   7810   9306   2118
 5413    384   1471   2575
 5406   7950   5674   7762
 1448   8539   2660   5400
 5964   9445    579   2142
  912   3834   1190   3506
 8440   8468   1396   7775
 3091   7395   7985   3157
 6939   7185   8248   5975
 9757   4140   6275   4399
 7688   6212   2443   9126
  948   9556   3413   8705
 2073   3087   9196   7358
 4648   9042   2566   7093
 3351   4940   3851   7250
 6379   2702   6454   9979
 2475   5287   1398   3127
 4276   7816   9409   7256
 4683   6692   2194   5318
 7293    464   3268   6384
 4552   3516   6876   4344
 8941   2957   3662   5932
  783   8831   3171     46
 9663   1951   9764   7544
 1340   6123   1459   3009
 7343   6259   7864   3055
  254   3926   3485   8910
 7316   5399   8307    931
 8614   1816   6722   7332
 8527    652   6341   8339
 1546    729   2305   2591
 8437   9218   8297   1735
 5913   2344   7826   4350
 4001   4749   9307   2889
 6627   9578    494   2499
 8531   8503   7935   5010
  261   7618   9902   3342
 1013   4134   6270   4212
 1710   4098      6   7500
 7025   9596   2761    919
 1218   2685   8689   5089
 9294   7869   8096   1590
 9913   4967   5596   6067
 2064   5564   4554   9387
 1490   7617   3445   6191
 9070   8342   7941     50
 7026   8590   7146   9929
  926   2244   2679   8174
 4275   8826   4427    472
 4082    283   4067   5836
 1067    195   1970   8410
 5677    383   6531   4865
 9084   9818   9089   1930
  119   1687   3917   2606
 5251   8421   8541   4186
 7668   5108   7272   5792
  756   7517   6534   8668
 5523   3628   8730   8366
  237    469   5605   1897
 3723   1198    178   6965
 9253   2523   8701   5856
 7892    615   6570   7996
 4179   7929   4408   1112
 9759   9110   7953   7591
 3439   8552   7969   1922
 5898   5056   3867   4937
 1402   1913   4613   3887
  474   3953   9003   8396
 6112    950   4576   7082
 9633   3172   4602   5146
 9148     87   8407   9385
 8867   1866   3431   4282
 2228   5724   4321    903
 5892   4215   4252   2036
  481   9700   1305   5408
 3208   6217   6377   3259
  393   3775   4349   4969
 7511    553   7209   2683
 7338   2929   1438   2014
 8225   5576    110   7761
 4528   3511   6824   3070
 1143   4831   7769   3560
 8685   2710    883   8480
 6281   1255   6682   4923
 8283   5332   9897   7998
 6085   2149   4885   2078
 5575    705   5602   9384
  159   6709   6574   5047
 1956   1395     39   6708
 7701   7396   5453   8892
  265   6537   4204   3684
 9840   4542    471   4946
 4016   5031   2233   8434
 3522   4599   1831   5473
 2060   8194   5088   3652
 5255   2222   4861    104
 2651   3301   7266   2600
 6508   4764   6877   4706
 1155   3647   7983   2123
 6474   1860   2481   1806
  703   1177   8574   1985
 8286   8299    135   6845
 8451   1346   8986   5063
 2479   7520    936   3587
 9234   6338   5137   9682
 8901   7852   8250   2888
 8337   8309   9040   1137
 7860   7474   3961   1168
 3939   9431   8185   2131
 5387   8592   7317   6754
 3219   4794   2688    230
  561   8979   7417   6557
 5419   2934   1937   7060
 1973    305   6884   6388
 9138    282    365   2393
 1716   2059   1958    959
 9043   5317    297   8425
 7404   4828   4354   4688
  852   6291   8671   3621
 1138   3076   3411   5358
  548   3021   5711   2388
 2743   2264   7349   7890
  876   9053   5612   8866
 2940   8217   6257   5968
 4259   1132   3082   5585
 5138    217   3130   1766
 7527   4546   7976   3394
 1964    400   7119   6432
 4891   3666    505   8796
 6552   8960   3653   9981
 9637   4173   9977   3457
 2408    586   5353   6645
 4374   6580   4715   3912
 6841   5379   2033   8077
 8654   3298   5436    415
 5808   7878   8156   3756
 4776    480   5269   3857
 4424   1046   8611   1140
 6089   6710   6374   3300
 1338   3279   4384   3405
 3038   4770   7408   5323
 6532   3535   3946   4367
   33   1797   7660   4158
 5877   6688   1110   1838
 5778   4352   6543   5486
 6122   7889   9471   3139
 9739   4500   8736   2593
 4636   3533   4860   4815
 5388   6473   4961   8050
 4336   1517   4889   3600
 3030   4675   2779   5692
 5758   3438   1567    829
 9679   1419   7452   6844
  804   8035    208   4426
 7494   5282   6222   2915
 5829   4563      8   5809
 2144   5059   4521   7335
 1684   9924   5572   6685
  607   5934   1329   5367
 5324   2108    132   3725
 7920   8314   4444   2004
 4079   3124   9500   4945
 1266   4062   5524   2120
 3708   5135   7312     56
 1523   8087   9938   5748
 7766   4232   8170   2303
 8208   3588   5032   1289
 5683   3220   7558   4972
 5534   3576   5807    801
 3546   5945   2862   8789
 5076   4982   9595   6027
 9826   8870   3911   3541
 6745   8162   2418   7208
 8804   8112   1504   7226
 6151   7223    300   8102
 1231     79   9760   3209
 5943   6862   7550   1655
 7322    606   3365   2176
 7559   3466   6111   2937
 9169   1554   1197   2445
 9336   1782   2285   9396
 8744   8805   8947   1818
 4929   5789   1319   3703
 4491   3322   1748   8404
 3900   8945   2436   3284
 9666   9486    436   4447
 5315   6679   1783   8682
 1702   7464   2652   4531
 5084   3359   7784   6690
 7872    952   4974   2015
 8057   6800    974   5679
 1803   5760   3415   8847
 1533    666   5171   6622
 9921   5494    156   3228
 4598    354   4287   6228
 4364    817   1742   2027
 3981   2423   6578   3169
 6396   5682   1703   5201
 1347   4985    188   7224
 2011   1577   3236   9546
 1568   2087   5412   4227
   96   3131   2430   1314
 5864   8362   7012   7489
 5584    213    515   1571
 2025   7267   3044   3037
 3918   7897   4477   4310
 8586   1088   7548   4852
 8548   1971   7097   8294
 3983   5213   8865   9225
 3966   4870   1342   7089
 6590   3307    171   3658
 6461   4713   5517   2433
 4258   7364   7702   2707
  112   3274   7286    628
 2585   8365   7357   8152
 2382    424   7032   2624
 9641   2908   6696   7900
 1881   3455   5034   5884
 8845   2371   5007   5857
 6234   2658   6761   8820
  338   4615   5933    712
 6516   5418   5240   3989
 5055   4012   9717   4150
 3353   5537   9372   1536
  170   7553   3205   3213
 6738    881    328   1370
 9022   3889   4345   5156
 5959   2736   9226   1284
 7217   5161   3318   4432
 6765   2954   9991    311
 1842   2258   6636   6852
 5249   1274    329   3714
 4659    947    245   2573
 9451   7449   2288   2930
  714   6517   9594    873
 5001   2951   6018   5124
 2328    493   2212   4670
  168   7147   9393   5042
 3712   5293   2427   4436
 9432   6871    746   9763
 2776   9314   5997   8493
 5013   9566   2568    355
 6969   6358   5033   4774
 7597   1474   1961   8606
 6173     70   6751   7287
 6693   4342   4896   1870
 3970   7690   3913   2438
 9223   7637   6208   4781
 4695   1499    451   3804
 5113   1252   5186    925
  890   4899   8494   9602
 1787   5485   8713   4439
 5790   7850   1176   8588
 6809   1706    649   7536
 9349   7023   5340   7401
 2952   2539   6006   8931
 4655   7886   1976    520
 1182   4697   8371   9032
 5642   3619   1352   7608
  456   8389   9377   5543
 9429   2747   1614   8041
 4673   9661   8198   9472
 1659   5742   9776    659
 8751   9949    902   8159
 1825   2339   8220   5420
 6734   5776   9719    260
 3214   3418    444   4025
 2153    214   8277   2601
 7439    955   4872   7193
 9055   8464   4302   6821
 8142   1938    199   4928
 4827   9265   3258   4488
 3015   6617   8904   7447
 3239   7099   8610   5515
  497   4792   2374   7360
 6495   3680   6669   6689
 2012   6121     35   2178
 6514   9020   8740   1840
  681    349   7802    362
 5345   9328   1762   3434
 4031   8929    825   9962
 2859   8199   1368   3791
 2795   8002   7612   4676
 8773   1239   1785   7292
 4817   9603   8149   9914
 8884   1749   2664   7329
 8491   9417   9452   1900
 2675   5830   5936   8558
 9956   2335   8770   4765
  822   4003    835   9720
 9569   7410   9461   6585
 9770     74   1688   3383
 7260   6776   5925   3372
 6826   3636   5404   2327
 1049   6704   6936   9842
 9586   4332   6287    123
 5207   1328   3719    555
 5067   7696   1061   6677
 8724   2905   7237   6229
  939   1518   5749   3755
 6699   3034   8883   2977
 5723   7654   4333   8888
 1470   1804   6398   7503
 6621   3823   2642   3045
 4170   4497   2535    408
 7567   3624   9629   5697
 7245   3105   3806   7409
 9352   2557   8323   1612
 2524   8674   2066   2341
 9391   4271   3808   1102
 3358   1584   5514   5175
 8571   2786   5906    262
 8801    187   9167   4517
 4097   8675   1390   6284
  841   4139   4833   9882
 9656    944   1675   3990
 1737   3968   5103    434
 8483   6920   9161   1919
 5173   9238   8844   9058
 8398   2857   4073   8014
 8502   2439   5049    732
 2203   1344   8812   3620
 1709   5731   8318   2637
 9478   1096   2085   5206
 2969   1604   1304   9183
 5489   1029   5700   8897
 7629   2910   1683   3056
 9653   8214   4320   9516
 6346   7584   6079   8236
 8872   2691   4850   4380
 8224   5109   3121   1726
 4493   5563   3669   2731
  194   2074   3959   5974
 4867   5061   3816   8659
 2032   8360   3363   1695
 9696   4129   7934   5720
 8392   5168    587   2193
 1217   4502   4296   9548
 1454   8393   5897   6650
 9012   5231    750   6807
 2092   2349   2181   9050
 4180   7109   7039   7619
  284   9624   3720   5259
 8877   4562   1367   5327
 8086   1236   2231   1960
 1722   7945   8164   9945
 4944   8573   1215   1090
 2386   6220   9074   5520
 8292   7030   5761   4514
 7111   5196   4712   5330
 6711   5972   7788   7581
 4635   8411   4702   3627
  198    663   9007   1086
 9870   8107   6958   6972
 3528   8119   1857   7283
 6967   6703   1442   5402
 5759   2763   9239   6013
 8810   9865   8212   8915
 6011   6597   7436   8311
 1664   6996   9353   9614
 1417   5768    811   7835
  724   7616   2726    563
 5837   9741   7112   1161
 4733   1501   6312   4922
 8228   8376   8840   7341
 3311   5763   5296   4111
 5230   7803   9211   5344
 6480   1738   2696   6539
 4990   9331   8167   3369
 9815   4880   3086    827
 9212   6781   5634   7745
 5512   4580   1348   1034
 9906   3744   9370   5939
 1616   8211   6739   1228
  370    778   7120   3585
 3797   3572   4042   1027
  216   9825   3979   5852
 4479   6012    373   8233
 7606   3242   1015   9890
 6209   3603   1899    984
 2572   5271    908   6638
   36    378    918   4654
 2046   2958   9094   2713
 7896   5865   7435   2416
 3207   4734   1492   3634
 2837   1293   1100    775
 1649   6864   6120   2383
 1211   8487   6406   9260
 6195   4463    840   5957
  379   5488   1705   5733
 3401   4468   8639   8073
 2257   2229   9470   5451
 5028   5461   5616   9014
 8617   7863   1609   1597
 6816   5214    500   8815
 3869   3910   3392   1277
 9796   9241   8825   3389
  674   8679   3309   5363
 7110   9735   9537   4362
 2141   4462   6718   7076
 4066   4777   2116   5454
 2847   1713   5993   7574
 4987   9132   3914    613
 1476   6955   7321   5559
   25   6294   7677   6544
 4110    205    634   9536
 6991   1882   8623   9121
 6567   6803   8499    798
 6327   7683   2912   1893
  915   1172   6893   6164
 6878   1212   7940   3583
 5014   8435    242   2319
 3092   3724   3802   3895
 7035   6359   3998   5527
  426   4845   6125   5128
 7422   5753   3051    596
 4373    830    661   1056
 5147   7963   5268   1896
 5262   6630    879   8143
 8577   4836   3737   2514
 9303   8275   7142   3019
 7639   3246   7412   9309
 9380   6880   4214   3545
  754   3822   2757   8367
 5369   2101   3376   9667
 1773   5804   1491   2350
 9200   9099   2247   6429
 5285   1987   1191   4478
 7344   5801   2318   7820
 6930   1220   8011   7981
 9727   7970    753   3262
 2881   8618   5983   8572
 2626   3503   6078    498
 9621   3718   2099   5482
 3289   4202   5890   8354
 6741   7380    459   4711
 7884    169   2005   2538
 8192   8526   7238   7460
 2410   2237   2104   3686
 5447   2997    446   5297
 2309   4835   9573   8118
 1906   9626   9864   4224
 1867   6558   8137   7107
 8632   4632   6357    364
 5914   4044   7874   3637
 5276   3992   7415   4948
 8383   4927   3569   6420
 5786   9031   9327   3059
 4188   5620   2612   6625
 1366   2043   2128   3201
 9728   3606   3927   7579
 2770    571    531   7723
 4719   5360   4793   3480
 8284   9360   5579   9969
 1598   4152   4218    651
  609   9965   3855   1513
 7681   2323   7164   4233
 7910   6879   9832   3164
 9519   4452   7510   5831
  280   3901   4075   6753
 1736   6913   4572   7040
 2451   2457   7844   3456
  603   7674   1592   8204
 4283   2209   6867   2332
 8463   7136   6684   7898
 6987   7171   2946   2695
  826    399   5009   6193
 5314   5425    202   3962
 8793   7108   2920     97
 9097   6611   8022   7402
 9088   7873   8561   6798
 8386   8759   8509    107
 8238   9533   9774   5521
 4255   2698   2162   9915
 2748   8612   4080   9872
 2172    620   7303   5589
 6743   3187   1583   2095
 8688   4105   3251   9501
 5969   8363   1892   5822
 6829   1859   2494    685
 2214   7754   4755   7262
 2581   9158   9363   9483
 3578   6264   8187   2028
 9233    953   9693   5248
 8678   4132   3919   4396
 1424   9880   9831   6423
 7300   2670   3568   8927
 5601   8746    637   1602
 3428   1376   3052   1371
 6697   9662   4614   6385
 7912   1613   6649   9746
 5123   3267   6124    317
 1064   3814     75   4450
  696   1917    770   8788
 4627   7477   9999   6573
 8136   9791    229   9748
 1884   3746   4307   7018
 8886   3166   1330   7818
 2733   8443   4666   6732
 3275   2035   3107   1141
 9184   2614   3195   7977
 4801   6742   6550   1566
 3683   4585    504   3395
 1636   7058   6014   5923
 4735   5101   6551   2168
 4272   4743   6818   5256
 8667   1432   5876    654
 8542   4926   2793   9395
 2588   8748   7876   1921
 6667   1661   5624   2720
 7602   8168   8100   5619
 5280   4607   4061   1391
  632   9822   8589   6230
 2315   6046   2823    702
 7290   6450    536   1728
 9517   7050   3906   5143
 1320   9497   3821   7812
  996   6090   9112   3763
 1926   5985   4379   1753
 4076   2735    228    310
 1373   5910   3115    737
 6037   1446   2597   5811
 9463   2223   7180   3327
 2864   1443   2211   1039
 4278   6372   7763   5843
 7196   1022   2598    477
  742   5855   3035   1832
 2956   4277   7191   5640
  845   2468   6631   8569
 5490    439   4681     31
 5625   8153   7019    774
 3061   6252   2595   8394
   76   9251   4406   8352
 2928   1965   9743   9715
 8871   2867   9908   4551
 1618   3465   3153   6274
 9098    891   7273   2706
 1844   8085   2725   7770
 6623   2854   2625   2252
 1281   4469    340   5665
 2390   7561    530   3168
 3815   5785   4154   9427
  945   6673   3646   7207
 4240   9341   4631   5820
  246   1995   5844   4319
 6566   1383   5565    326
 1044   7590    206   9680
  808   8349   9861   9172
 5879   7667   9523   6150
 1851   4840   1660     57
 5977   5194   1992   6788
 7242   4020   2249    856
  111   2425   8993   7359
 7570   9230   7658   1751
 2426   7529   1150   7792
 1349   9767   5746   7348
 7589    564   2184   4949
 3350   1928   5159    741
 6584   4467   6793    585
 4064   5813   5355   9421
 7177   1264   4338   5871
 4785   9259   8402   3272
 6603   4532   1990   3183
 1260    390   3656   1224
 4983   3693   2974   4717
 6197   8599   5004   9645
  608   3950    522   5121
 2391   4778   1821   3801
 6268   7867   5065   1433
 4324   2699   5410   9577
 2464   4728   8967   4036
 3530   1148   4843   1777
 2584   2217   6457   8755
 1553   4126   5555    448
 8130   1382   1874   7450
 9342   3312   6526   2326
 5963   9564   9171   4970
 8049   1241   1251   1775
 3029   3661   8733   3190
 2018   1183   7563   6663
 1993   7638   8259   6215
 8726   7988   5947    554
 8523   5519   8128   2922
 3790   9206   3670   2147
 6680   4457   5187   8908
  964    323   7995   3397
 1036   4722    809   5019
 4707   3386   1673    167
 3594   2608   5457   8007
 7345   7139   8350   4994
 5253   8891   6591   3448
 7490   2152   7342   6921
 6131   4458   5164   9382
 6084   3123   5998    543
 3283    117    508   3764
 3217   7665   8172   3036
 8447   3732   6954   4757
 3993   5075   1505   2921
 4560   8853   6350   9862
 6163   8564   4997   7235
 9289    894   8271   8922
 3430   4081   9509   7367
 9423    968   1179   2125
 3432   1733   9378   2636
 1696    713   9980   7759
 5416   5467   3601    988
 1350   4821   9819   1498
 7087    740   7623    899
 5463   2187   4586   1929
 5772   5039   4996    360
 3326   3827   8263   6653
 7123   1010   2437   7062
 1846    235   8972   7808
 1222   1635   6568   6482
 3245    343   5218   8938
 4674   1331   3768   6962
 4751   7731    337   2993
 9530    972   6778   9659
 4063   9935   9010   9745
 5540   5637   3400   2521
 7600   2835   1000    253
 1397   5765   7355   7275
 3288   7473   2075   7352
 2469   6782   1724   6308
 1611   3635   9104   7156
 7377   8556   2527   9052
 1290   4597   4634   7560
 9107   9030   1953   4438
 9926   6945   2121   7277
 5431   2805   3027   9156
 7815   9875   1103   7080
 6992   7148   7124    429
 7090   9713   9895   8336
 7215   6056   1822    574
 7652   5423   6546    605
 9499    898   6236   9967
 9758   8621   9756   9188
 8536   1114   9288   9485
  257   7664   6812    671
 9941   6823   2662   9240
 2879   3320   5609   5522
 5881   3360   5672   2461
 9080   6911   7091   7891
 4903   5613   3075   3461
 5480     80   5203   8977
 2510   5153   6530    624
 2398   2618   3944   3433
 4033    241   5006   9356
 7398   7083    862   2866
 5593   5989   1223   9166
 4288   8622   7466   5826
 1317   9247   9687    569
 8216   5176   3026   9622
 9282   3305   4065   6129
 1678   2517   1780   2978
  223   8762   3025   3774
  941   6908   4537   2537
 5639   5142   1843   7487
 9354   1094   7564   1465
 7247   8800   8163    976
  695   3752   1916   3840
 5254   3819   2160   6440
 6707   5707   3649   5688
 1744   1052   8298    183
    5   7855   1315   6596
 8529   7400   7289   6114
 3339   9780   9868   4046
 2420   7253   6225   6836
 1729    747   4536   9284
 9747   3282   7735   8262
 9207    258   7000   4750
 4671   6170   1237   6024
 1337   2778   5126    176
 4693   9302    855   1246
 8817   4893   2482   4269
  154   9974    733   7739
  334   8181   1887   6529
 5982   5277   3745   6609
 9782   9844   6982   5771
 4918   5961   1633   7462
 2077   5905   3423   3721
 3921   2333   1445   4727
 9917   8117   2016   7706
 6201   6135   4684   2519
 4566   4533   2830   6605
 5504     30   9697   8807
 1083   9361   6541   5083
 4423    418   5919    192
 5221   2449   2081    351
 9798   8268   3437   2129
 2158   8907   4782   2283
 4183   3211   6481   3176
 8390   6231   8859   5195
 3748   8772   6975   2347
 7153   7308   8833   6452
 7782   6750   3893   8729
 5769   3590   8850   2145
 3831   6757   4606   7270
 9830   5867   2753   9723
 4298   4357   2191   9628
 7117   5851   1759    911
 3883   4176   2671    956
 6035   5182   7027   3521
 2304   2112   9157   5023
 9106    517   1201   9526
 2623   4708   8874   6720
 7045   7165   4306   1453
 2991   9063   2714   4419
 4863   3077   8178   5744
 7711   7257   5854   3049
 7693    482   3879   5872
 8625   3450   5699   3982
 4525   4143   7986   1690
 7726   5689   8097   4931
 2603    125   7306   9274
 1287   7227   9119   9989
 6484   9201   8786   3177
 3216   9876   8716   1130
 9025   8490   1326   5782
 6445   5336   4964   8448
 9364   2966   2765   9570
 9137   2944   5554   3095
 2886   4557   5258   8752
 3459   3629   8951   3003
 3314   9857   6375   4169
 3700   4337   7241   5020
 8560   2512   6986   7155
 1935   4977   2638   2041
 3185   2106   2098   2836
 9460     58   7968   6158
  850   8661   8059   8948
 6101   1166   7453   6519
 5691   3597    307   6285
 7458   9287    333   3630
 8781   5243   1070   4005
 4121   2234   1793   6415
 1037   5224   4107   7780
 2964   2570    550   7294
 4160   8125   6200   6632
 1946   5356   4538   2031
 7551   6799   6569   3754
 4174   7330   2476   2898
 2792   8013   4363   8768
 8021     95    743   1091
    3   1225   8027   8304
 7068   4953   7806   2708
 8530   2846   8359   9269
 3938   1652   7549   4934
 8761    769    617   9443
 3641   7733   6165   4669
 3706   3789   2983   5586
 5331   3685   9214   8111
  457   8158   9280   3785
  889    130   8665   2246
 6408   9033   4812   4309
 7138   8251   6460   3391
 9324   6237   8351   1480
 1507   2676    224   8959
  527   7491   9547   6010
 7991    583   4348   7013
 2268   1104   4085   4156
 4389    435   8821   7205
 5944   3854    403    386
 3473   3644   8860   1427
 7804    359   1493   7919
 4234   8695   4897   6548
 6691   7703   5398   3344
 4024   4685   4501   7943
 6416   5669   5653   7011
 9968   8385   4523   6076
 4709   8047   4216   2545
 8397   7034   1581    395
 2165   7653   6895   1714
 2970   1325   9918   3935
  969   4548   7472   2364
 8992   9550   7022   8340
 9308   2807   2126   6444
 5487   5536   6861   8465
 5883   8070   4858   7008
 2205   4023   7694   1522
 6874    397   8169   7508
 4524   1794   6153   2655
 5508   1178   1864   1950
 5481   1253   2752   1050
 4645   7414   4879   2377
 9532   6648   6910   5658
 2136   6989   3249   1020
 4022   3384    739   4148
 7024   5817   2633     77
 1247   5233   5598   4579
 1196   6491   1080   7865
 6863   9803   8787   9946
 9993   2998   7825   7183
 2987   5701   9102   8703
 6369   2498   3711   9406
 5170   6367   9540   1526
 4956   8543   2579   2806
 9607   4281   7875   6096
 4587   9871   3891   4914
 8890   3460   8643   9078
 7486   4390   2379   6837
 5470   8205    475   7387
 9528   5847   1944   3865
 4417   9448   6897   4658
 9381    356   9858   6110
 4589   9955   4420    581
 9959   6886   6505   9140
  701   3559   8706   7758
 7842   3798   3570   1878
 5048    294    762   7212
  350   6286    877   5484
 8988    136   2605    963
 5150   8598   2021   2640
 1494   6132   4250    878
 2868   8145   1159   7493
 6261   4120   7248   8334
  250   7748   2873   7430
 7634   9271   7740    736
  755   2413   4753   3482
 5507   4939   4900   8973
 3111   4968   8475    618
 9257   7334   1575   5920
  788   3156   1207   6414
 1615   7282   6245   9105
 4361   7640   6493   4811
 8626   1890   7429   6780
 6593   3704    922   3276
 6594   7760   2387   1387
 7849   9600   3835   2022
 2370   8426   1796   6737
 8677    584   2352    407
 6706   4144   2869   6790
 1620   4239   9181   7604
 6047   1968   2192   8851
  526   9149   9799   2971
 9580   6332    843   3555
 5120   7902   8813   2161
 1910   2511   1409   6870
 5166   8880   4325   3042
 7199   9690   3875   6074
  212   6859   5326    916
 1539   6223   1674   9242
 9060   3786   4167   1852
 6340   6700    657   5411
 4571   3540   7411   9801
 3591   4849   3922    764
 5450    833   7201   2030
 7194   4652   6833   6313
 7328   5232   3779   8144
 1066   2243   6694   3316
 3931   2564   3005   3253
 6426   1238   3467   5645
 1603   6272    781   4839
 9714    539   4433   7978
 9154   4689   2804   6144
 5229    975   2863   5659
 8368   4573   3858   2516
 7195   7877   2496   9762
 1767   7926   2925   4206
 9623   5041   2362   9368
 4553   6589   3404   1934
 2367   5244   9054   5308
  572   1301   9163   3947
 5874   1125   7767   4772
 2818   7990   2749   3147
 8696   8613   3182    678
 3504   1101   4198   4060
  118    440   2796   4526
 5148   9281    380   9963
 8998   5040   9085     42
 6136   9634   4813   3018
 9173    650   9927   9887
 2777   9464   7514   9313
 9408   3665   9616   4039
 5414   1746   6736   6701
 3419   4506   1359    295
 7121   9243   9133   8861
 4952   1975   2825   6894
 5299   6502   5199   8165
 3264   2674   8207   8535
 1169    858   3040   3477
 6052   3584   8053   5386
 7061   7866   5553   7392
 9394   7102   2828   1093
 7336   8519   7870   1853
 3908    151   9638   5775
 1269   3580   8637   2810
 1065   4018   9237    394
 1982   1662   8615    321
 7301   7284   8970   5873
 1033   2986   8317   4138
 5935   1488   2282   7488
 3843   9346   2963   4909
  599    514   2890   1879
 6744   2293   7519   8322
 4322   5210   9737   1682
 3403   2880    656   3022
 5424   4231    601   3507
 9071   7839   4699   3078
  723    465   4445   1732
  470   7009   9124   5115
 5492   4650   3476   4284
 5610   1416    686   5333
 8213   8374   9180   6515
 4803   3226   3563   4871
  345   9651   1779   6330
 3515   2995   3896   9416
 9620   6553   1657   6759
 9038   8098   5714   2561
 1827    785   6141    884
 2762   4856   3145   8110
 3941   2620   6155   9514
 5988   4797   8912   1776
 2024   7741   2109   3129
 8918   1519   4299   4383
 7750   5160   6427   4686
 7737   6088   9549   4700
 3820   4577   1534   6791
  896   8578   3436     82
  921   6226   3494   6218
   22   1082   9439   8551
 5698   3138   2704   3303
 7063   5497   1580   7320
 8254   7346    367   4790
 6587   9390   5951   4823
 6909   4213   2751    699
 7314   3971   9790   4995
 7516   1954   6232   6755
  331   9671   7862   7979
 2552   2553   2080   3925
 1441   6796   8717   6883
  231   5264   6022   3677
 2003   1160   1004   3853
 3181   6872   2054   5145
 9937   3787   9648   9467
 1389   8633    839   3536
 2703   4195   8616   7043
 6657   5838   7736   1605
 4248   8010   1332   5766
 9264   2143   9575    631
 8239   2845   1126   8749
 1755   6255   4973   1671
 1341   8824   5570   2567
 3955   3442   9511   1593
 7431   8361   2313   8980
 3330   8924   4196   9255
  489   3039   9716   4351
  173   8255   3623   2592
 3117   7465   8896   7885
 2179   6769    720   1558
 4618   2994   5552   9778
 3388    409   6326   1199
 7522   9583   2913   3293
 6189    127   4172   3028
 8565    479   3599   2939
 4960   7538   2599   9684
 3069   3881   7280   8942
 2314   8295   6307   6439
 2034   9388   7243   9298
 9571   9681   5567   4649
 2784   5533   1647   2884
 3995   8324   5571   3470
  901   1721   6971   2067
 5630    957   5718   7783
 5237   7824   8453   8249
 5891   2543    318   8928
 4270   4071   2681   3499
 8517   3915   5215    795
 1606   6383   8858   5438
 6533   8994   8534   9244
 5273    863    268   6606
 5064   8210   6395   2397
 2196   3885   8750   5732
 6795   4372     43   3332
 8025   3765   7952   3020
 4189   1872   2467   2885
 1769   1426   8229   5646
 9986   1084   8353   1271
 8467   5568    928   9203
 5745   4527   9899   4089
 6928   2758   1055   6670
 3614   3735   8842   5464
 8505   1388   4487   1144
 2522   4053    568   5312
 3046   9091   3133   6974
 4040   8231   4472   8161
 7004   1718   3826   1791
 2943   5219   5396   9024
  103   6756   5346    777
 4767   8719   6324   1658
 7801   6295   3474   6469
 2329   3640   2069   3544
 2204   2354    962   6040
 2754   4068   8039   1905
 9217   4246   7710   2650
 8822   3769   3417   8146
 3655   2682   2279    423
 6805   3050   1310   5455